NPeriods = 7;
NSubPeriods = 4;
NGrammage = 8;
NPMachines = 1;

alfa = 2.13637;
vmax_dig = 13.5;
vmin_dig = 7;

NSpeed = 27;
speed_Inicial = 12;
teta = 2;

price=[760,750,759,743,752,754,770,773];

Speeds = [7,7.25,7.5,7.75,8,8.25,8.5,8.75,9,9.25,9.5,9.75,10,10.25,10.5,10.75,11,11.25,11.5,11.75,12,12.25,12.5,12.75,13,13.25,13.5];

hour = [24,24,24,24,24,24,24];

Nmin = 0.5;
I0_virg = 357.776;
Imin_virg = 150;
Imax_virg = 1378.31;

sl = [[[0],[1.12],[1.86],[4.87],[8.02],[8.49],[16.24],[24.47]],
[[1.12],[0],[0.74],[4.25],[7.66],[8.13],[15.89],[24.11]],
[[1.86],[0.74],[0],[3.72],[7.43],[7.9],[15.65],[23.88]],
[[4.87],[4.25],[3.72],[0],[6.93],[6.72],[14.48],[22.7]],
[[8.02],[7.66],[7.43],[6.93],[0],[1.49],[11.54],[19.77]],
[[8.49],[8.13],[7.9],[6.72],[1.49],[0],[11.07],[19.3]],
[[16.24],[15.89],[15.65],[14.48],[11.54],[11.07],[0],[11.54]],
[[24.47],[24.11],[23.88],[22.7],[19.77],[19.3],[11.54],[0]]];

st =[[[0],[1.44],[2.4],[5.9],[9.47],[9.96],[18.01],[26.56]],
[[1.44],[0],[0.96],[5.24],[9.1],[9.59],[17.65],[26.19]],
[[2.4],[0.96],[0],[4.81],[8.86],[9.34],[17.4],[25.95]],
[[5.9],[5.24],[4.81],[0],[8.12],[8.12],[16.18],[24.73]],
[[9.47],[9.1],[8.86],[8.12],[0],[1.92],[13.13],[21.68]],
[[9.96],[9.59],[9.34],[8.12],[1.92],[0],[12.64],[21.19]],
[[18.01],[17.65],[17.4],[16.18],[13.13],[12.64],[0],[13.13]],
[[26.56],[26.19],[25.95],[24.73],[21.68],[21.19],[13.13],[0]]];

b_virg=[[0.95],[0.95],[0.95],[0.95],[0.925],[0.925],[0.925],[0.925]];
b=[[0.0397614],[0.0378788],[0.0388651],[0.035791],[0.0286287],[0.027533],[0.0204541],[0.0233918]];

M=[[3000],[3000],[3000],[3000],[3000],[3000],[3000],[3000]];
m_g=[[50],[50],[50],[50],[50],[50],[50],[50]];

NomesGrammage=["KLB 60","KLB 63","KLB 65","KLB 75","KLB 100","KLB 104","KLB 170","KLB 240"];

wG=[60,63,65,75,100,104,170,240];

tG=["KLB","KLB","KLB","KLB","KLB","KLB","KLB","KLB"];

Atrasos = [338.202, 542.754, 370.112, 899.584, 325.02, 524.158, 298.21, 113.593];
d=[ [	78.3397	110.795	11.1914	0	0	0	33.3876	],
 [	0	111.914	54.8378	27.9785	0	27.9785	37.1181	],
 [	14.5488	16.7871	34.0728	0	0	111.914	29.5537	],
 [	100.002	306.644	65.9073	95.1267	89.5311	0	109.535	],
 [	30.2167	137.654	67.1483	193.611	83.9354	27.9785	90.0906	],
 [	87.2928	0	83.9354	80.5779	0	27.9785	46.6308	],
 [	14.5488	27.9785	88.9105	27.9785	44.7655	0	34.0303	],
 [	0	0	6.09432	0	0	0	1.01572	]];

grammage_Inicial = [1];

Wini = [1];

A = [{1,2,3,4,5,6,7,8}];
NTop = [{8}];
NBot = [{1}];

delta = 17.918;
I0_liquor = 3000.3;
Imax_liquor = 3446.11;
Imin_liquor = 1500.15;
mii = 290.271;

fator = 0.8976;
fator2 = 43.5407;
I0_dry = 429.17;
Imax_dry = 678.345;
Imin_dry = 400.4;
zeta = 3.8;
f_heat = 137.879;
gama = 0.1671;
