NPeriods = 7;
NSubPeriods = 4;
NGrammage = 24;
NPMachines = 1;

alfa = 2.28547;
vmax_dig = 13.5;
vmin_dig = 7;

NSpeed = 27;
speed_Inicial = 12;
teta = 2;

price=[777,762,764,760,750,759,749,743,745,747,752,754,754,756,758,758,765,767,770,768,774,772,773,773];

Speeds = [7,7.25,7.5,7.75,8,8.25,8.5,8.75,9,9.25,9.5,9.75,10,10.25,10.5,10.75,11,11.25,11.5,11.75,12,12.25,12.5,12.75,13,13.25,13.5];

hour = [24,24,24,24,24,24,24];

Nmin = 0.5;
I0_virg = 357.776;
Imin_virg = 150;
Imax_virg = 1474.5;

sl = [[[0],[1.86],[4.05],[4.87],[5.49],[5.9],[6.93],[6.84],[7.43],[8.6],[9.78],[10.25],[11.54],[12.13],[12.72],[13.89],[14.48],[15.65],[18],[19.18],[19.88],[21.53],[22.7],[26.23]],
[[1.86],[0],[2.23],[3.72],[4.46],[4.87],[5.9],[6.93],[6.84],[8.02],[9.19],[9.66],[10.95],[11.54],[12.13],[13.3],[13.89],[15.07],[17.42],[18.59],[19.3],[20.94],[22.12],[25.64]],
[[4.05],[2.23],[0],[1.49],[2.6],[3.35],[4.66],[5.7],[6.73],[7.31],[8.49],[8.96],[10.25],[10.84],[11.42],[12.6],[13.19],[14.36],[16.71],[17.89],[18.59],[20.24],[21.41],[24.94]],
[[4.87],[3.72],[1.49],[0],[1.12],[1.86],[3.72],[4.87],[5.9],[6.84],[8.02],[8.49],[9.78],[10.37],[10.95],[12.13],[12.72],[13.89],[16.24],[17.42],[18.12],[19.77],[20.94],[24.47]],
[[5.49],[4.46],[2.6],[1.12],[0],[0.74],[2.6],[4.25],[5.28],[6.49],[7.66],[8.13],[9.43],[10.01],[10.6],[11.78],[12.36],[13.54],[15.89],[17.06],[17.77],[19.41],[20.59],[24.11]],
[[5.9],[4.87],[3.35],[1.86],[0.74],[0],[1.86],[3.72],[4.87],[6.93],[7.43],[7.9],[9.19],[9.78],[10.37],[11.54],[12.13],[13.3],[15.65],[16.83],[17.53],[19.18],[20.35],[23.88]],
[[6.93],[5.9],[4.66],[3.72],[2.6],[1.86],[0],[1.86],[3.72],[5.9],[6.84],[7.31],[8.6],[9.19],[9.78],[10.95],[11.54],[12.72],[15.07],[16.24],[16.95],[18.59],[19.77],[23.29]],
[[6.84],[6.93],[5.7],[4.87],[4.25],[3.72],[1.86],[0],[1.86],[4.87],[6.93],[6.72],[8.02],[8.6],[9.19],[10.37],[10.95],[12.13],[14.48],[15.65],[16.36],[18],[19.18],[22.7]],
[[7.43],[6.84],[6.73],[5.9],[5.28],[4.87],[3.72],[1.86],[0],[3.72],[5.9],[6.73],[7.43],[8.02],[8.6],[9.78],[10.37],[11.54],[13.89],[15.07],[15.77],[17.42],[18.59],[22.12]],
[[8.6],[8.02],[7.31],[6.84],[6.49],[6.93],[5.9],[4.87],[3.72],[0],[3.72],[4.66],[6.93],[6.84],[7.43],[8.6],[9.19],[10.37],[12.72],[13.89],[14.6],[16.24],[17.42],[20.94]],
[[9.78],[9.19],[8.49],[8.02],[7.66],[7.43],[6.84],[6.93],[5.9],[3.72],[0],[1.49],[4.87],[5.9],[6.93],[7.43],[8.02],[9.19],[11.54],[12.72],[13.42],[15.07],[16.24],[19.77]],
[[10.25],[9.66],[8.96],[8.49],[8.13],[7.9],[7.31],[6.72],[6.73],[4.66],[1.49],[0],[4.05],[5.08],[6.11],[6.96],[7.55],[8.72],[11.07],[12.25],[12.95],[14.6],[15.77],[19.3]],
[[11.54],[10.95],[10.25],[9.78],[9.43],[9.19],[8.6],[8.02],[7.43],[6.93],[4.87],[4.05],[0],[1.86],[3.72],[5.9],[6.93],[7.43],[9.78],[10.95],[11.66],[13.3],[14.48],[18]],
[[12.13],[11.54],[10.84],[10.37],[10.01],[9.78],[9.19],[8.6],[8.02],[6.84],[5.9],[5.08],[1.86],[0],[1.86],[4.87],[5.9],[6.84],[9.19],[10.37],[11.07],[12.72],[13.89],[17.42]],
[[12.72],[12.13],[11.42],[10.95],[10.6],[10.37],[9.78],[9.19],[8.6],[7.43],[6.93],[6.11],[3.72],[1.86],[0],[3.72],[4.87],[6.93],[8.6],[9.78],[10.48],[12.13],[13.3],[16.83]],
[[13.89],[13.3],[12.6],[12.13],[11.78],[11.54],[10.95],[10.37],[9.78],[8.6],[7.43],[6.96],[5.9],[4.87],[3.72],[0],[1.86],[4.87],[7.43],[8.6],[9.31],[10.95],[12.13],[15.65]],
[[14.48],[13.89],[13.19],[12.72],[12.36],[12.13],[11.54],[10.95],[10.37],[9.19],[8.02],[7.55],[6.93],[5.9],[4.87],[1.86],[0],[3.72],[6.84],[8.02],[8.72],[10.37],[11.54],[15.07]],
[[15.65],[15.07],[14.36],[13.89],[13.54],[13.3],[12.72],[12.13],[11.54],[10.37],[9.19],[8.72],[7.43],[6.84],[6.93],[4.87],[3.72],[0],[5.9],[6.84],[7.55],[9.19],[10.37],[13.89]],
[[18],[17.42],[16.71],[16.24],[15.89],[15.65],[15.07],[14.48],[13.89],[12.72],[11.54],[11.07],[9.78],[9.19],[8.6],[7.43],[6.84],[5.9],[0],[3.72],[5.08],[6.84],[8.02],[11.54]],
[[19.18],[18.59],[17.89],[17.42],[17.06],[16.83],[16.24],[15.65],[15.07],[13.89],[12.72],[12.25],[10.95],[10.37],[9.78],[8.6],[8.02],[6.84],[3.72],[0],[2.23],[5.9],[6.84],[10.37]],
[[19.88],[19.3],[18.59],[18.12],[17.77],[17.53],[16.95],[16.36],[15.77],[14.6],[13.42],[12.95],[11.66],[11.07],[10.48],[9.31],[8.72],[7.55],[5.08],[2.23],[0],[4.66],[6.73],[9.66]],
[[21.53],[20.94],[20.24],[19.77],[19.41],[19.18],[18.59],[18],[17.42],[16.24],[15.07],[14.6],[13.3],[12.72],[12.13],[10.95],[10.37],[9.19],[6.84],[5.9],[4.66],[0],[3.72],[8.02]],
[[22.7],[22.12],[21.41],[20.94],[20.59],[20.35],[19.77],[19.18],[18.59],[17.42],[16.24],[15.77],[14.48],[13.89],[13.3],[12.13],[11.54],[10.37],[8.02],[6.84],[6.73],[3.72],[0],[6.84]],
[[26.23],[25.64],[24.94],[24.47],[24.11],[23.88],[23.29],[22.7],[22.12],[20.94],[19.77],[19.3],[18],[17.42],[16.83],[15.65],[15.07],[13.89],[11.54],[10.37],[9.66],[8.02],[6.84],[0]]];

st =[[[0],[2.4],[5.02],[5.9],[6.57],[7.01],[8.12],[8.25],[8.86],[10.08],[11.3],[11.79],[13.13],[13.74],[14.35],[15.57],[16.18],[17.4],[19.85],[21.07],[21.8],[23.51],[24.73],[28.39]],
[[2.4],[0],[2.89],[4.81],[5.46],[5.9],[7.01],[8.12],[8.25],[9.47],[10.69],[11.18],[12.52],[13.13],[13.74],[14.96],[15.57],[16.79],[19.24],[20.46],[21.19],[22.9],[24.12],[27.78]],
[[5.02],[2.89],[0],[1.92],[3.37],[4.33],[5.68],[6.79],[7.9],[8.73],[9.96],[10.44],[11.79],[12.4],[13.01],[14.23],[14.84],[16.06],[18.5],[19.72],[20.46],[22.17],[23.39],[27.05]],
[[5.9],[4.81],[1.92],[0],[1.44],[2.4],[4.81],[5.9],[7.01],[8.25],[9.47],[9.96],[11.3],[11.91],[12.52],[13.74],[14.35],[15.57],[18.01],[19.24],[19.97],[21.68],[22.9],[26.56]],
[[6.57],[5.46],[3.37],[1.44],[0],[0.96],[3.37],[5.24],[6.35],[7.88],[9.1],[9.59],[10.93],[11.54],[12.15],[13.37],[13.98],[15.21],[17.65],[18.87],[19.6],[21.31],[22.53],[26.19]],
[[7.01],[5.9],[4.33],[2.4],[0.96],[0],[2.4],[4.81],[5.9],[8.12],[8.86],[9.34],[10.69],[11.3],[11.91],[13.13],[13.74],[14.96],[17.4],[18.62],[19.36],[21.07],[22.29],[25.95]],
[[8.12],[7.01],[5.68],[4.81],[3.37],[2.4],[0],[2.4],[4.81],[7.01],[8.25],[8.73],[10.08],[10.69],[11.3],[12.52],[13.13],[14.35],[16.79],[18.01],[18.75],[20.46],[21.68],[25.34]],
[[8.25],[8.12],[6.79],[5.9],[5.24],[4.81],[2.4],[0],[2.4],[5.9],[8.12],[8.12],[9.47],[10.08],[10.69],[11.91],[12.52],[13.74],[16.18],[17.4],[18.14],[19.85],[21.07],[24.73]],
[[8.86],[8.25],[7.9],[7.01],[6.35],[5.9],[4.81],[2.4],[0],[4.81],[7.01],[7.9],[8.86],[9.47],[10.08],[11.3],[11.91],[13.13],[15.57],[16.79],[17.53],[19.24],[20.46],[24.12]],
[[10.08],[9.47],[8.73],[8.25],[7.88],[8.12],[7.01],[5.9],[4.81],[0],[4.81],[5.68],[8.12],[8.25],[8.86],[10.08],[10.69],[11.91],[14.35],[15.57],[16.3],[18.01],[19.24],[22.9]],
[[11.3],[10.69],[9.96],[9.47],[9.1],[8.86],[8.25],[8.12],[7.01],[4.81],[0],[1.92],[5.9],[7.01],[8.12],[8.86],[9.47],[10.69],[13.13],[14.35],[15.08],[16.79],[18.01],[21.68]],
[[11.79],[11.18],[10.44],[9.96],[9.59],[9.34],[8.73],[8.12],[7.9],[5.68],[1.92],[0],[5.02],[6.13],[7.23],[8.37],[8.98],[10.2],[12.64],[13.86],[14.6],[16.3],[17.53],[21.19]],
[[13.13],[12.52],[11.79],[11.3],[10.93],[10.69],[10.08],[9.47],[8.86],[8.12],[5.9],[5.02],[0],[2.4],[4.81],[7.01],[8.12],[8.86],[11.3],[12.52],[13.25],[14.96],[16.18],[19.85]],
[[13.74],[13.13],[12.4],[11.91],[11.54],[11.3],[10.69],[10.08],[9.47],[8.25],[7.01],[6.13],[2.4],[0],[2.4],[5.9],[7.01],[8.25],[10.69],[11.91],[12.64],[14.35],[15.57],[19.24]],
[[14.35],[13.74],[13.01],[12.52],[12.15],[11.91],[11.3],[10.69],[10.08],[8.86],[8.12],[7.23],[4.81],[2.4],[0],[4.81],[5.9],[8.12],[10.08],[11.3],[12.03],[13.74],[14.96],[18.62]],
[[15.57],[14.96],[14.23],[13.74],[13.37],[13.13],[12.52],[11.91],[11.3],[10.08],[8.86],[8.37],[7.01],[5.9],[4.81],[0],[2.4],[5.9],[8.86],[10.08],[10.81],[12.52],[13.74],[17.4]],
[[16.18],[15.57],[14.84],[14.35],[13.98],[13.74],[13.13],[12.52],[11.91],[10.69],[9.47],[8.98],[8.12],[7.01],[5.9],[2.4],[0],[4.81],[8.25],[9.47],[10.2],[11.91],[13.13],[16.79]],
[[17.4],[16.79],[16.06],[15.57],[15.21],[14.96],[14.35],[13.74],[13.13],[11.91],[10.69],[10.2],[8.86],[8.25],[8.12],[5.9],[4.81],[0],[7.01],[8.25],[8.98],[10.69],[11.91],[15.57]],
[[19.85],[19.24],[18.5],[18.01],[17.65],[17.4],[16.79],[16.18],[15.57],[14.35],[13.13],[12.64],[11.3],[10.69],[10.08],[8.86],[8.25],[7.01],[0],[4.81],[6.13],[8.25],[9.47],[13.13]],
[[21.07],[20.46],[19.72],[19.24],[18.87],[18.62],[18.01],[17.4],[16.79],[15.57],[14.35],[13.86],[12.52],[11.91],[11.3],[10.08],[9.47],[8.25],[4.81],[0],[2.89],[7.01],[8.25],[11.91]],
[[21.8],[21.19],[20.46],[19.97],[19.6],[19.36],[18.75],[18.14],[17.53],[16.3],[15.08],[14.6],[13.25],[12.64],[12.03],[10.81],[10.2],[8.98],[6.13],[2.89],[0],[5.68],[7.9],[11.18]],
[[23.51],[22.9],[22.17],[21.68],[21.31],[21.07],[20.46],[19.85],[19.24],[18.01],[16.79],[16.3],[14.96],[14.35],[13.74],[12.52],[11.91],[10.69],[8.25],[7.01],[5.68],[0],[4.81],[9.47]],
[[24.73],[24.12],[23.39],[22.9],[22.53],[22.29],[21.68],[21.07],[20.46],[19.24],[18.01],[17.53],[16.18],[15.57],[14.96],[13.74],[13.13],[11.91],[9.47],[8.25],[7.9],[4.81],[0],[8.25]],
[[28.39],[27.78],[27.05],[26.56],[26.19],[25.95],[25.34],[24.73],[24.12],[22.9],[21.68],[21.19],[19.85],[19.24],[18.62],[17.4],[16.79],[15.57],[13.13],[11.91],[11.18],[9.47],[8.25],[0]]];

b_virg=[[0.95],[0.95],[0.95],[0.95],[0.95],[0.95],[0.95],[0.95],[0.95],[0.95],[0.925],[0.925],[0.925],[0.925],[0.925],[0.925],[0.925],[0.925],[0.925],[0.925],[0.925],[0.925],[0.925],[0.925]];
b=[[0.0477099],[0.0429553],[0.0426076],[0.0397614],[0.0378788],[0.0388651],[0.0360881],[0.035791],[0.033557],[0.0318167],[0.0286287],[0.027533],[0.0248942],[0.0238607],[0.0229043],[0.0224568],[0.0226963],[0.021182],[0.0204541],[0.0207771],[0.0225989],[0.0233809],[0.0244918],[0.0233918]];

M=[[3000],[3000],[3000],[3000],[3000],[3000],[3000],[3000],[3000],[3000],[3000],[3000],[3000],[3000],[3000],[3000],[3000],[3000],[3000],[3000],[3000],[3000],[3000],[3000]];
m_g=[[50],[50],[50],[50],[50],[50],[50],[50],[50],[50],[50],[50],[50],[50],[50],[50],[50],[50],[50],[50],[50],[50],[50],[50]];

NomesGrammage=["KLB 45","KLB 50","KLB 56","KLB 60","KLB 63","KLB 65","KLB 70","KLB 75","KLB 80","KLB 90","KLB 100","KLB 104","KLB 115","KLB 120","KLB 125","KLB 135","KLB 140","KLB 150","KLB 170","KLB 180","KLB 186","KLB 200","KLB 210","KLB 240"];

wG=[45,50,56,60,63,65,70,75,80,90,100,104,115,120,125,135,140,150,170,180,186,200,210,240];

tG=["KLB","KLB","KLB","KLB","KLB","KLB","KLB","KLB","KLB","KLB","KLB","KLB","KLB","KLB","KLB","KLB","KLB","KLB","KLB","KLB","KLB","KLB","KLB","KLB"];

Atrasos = [27.5788, 93.5094, 149.993, 122.743, 196.981, 134.324, 207.519, 326.485, 196.463, 271.711, 117.959, 190.232, 134.406, 155.552, 122.818, 158.207, 75.6284, 96.3835, 108.229, 138.305, 96.5341, 34.6867, 70.0687, 41.226];
d=[ [	0	0	0	19.496	16.2467	0	5.95712	],
 [	1.76944	40.6167	0	10.1542	0	15.0282	11.2614	],
 [	42.4666	0	0	20.3084	20.3084	0	13.8472	],
 [	28.4317	40.2106	4.06167	0	0	0	12.1173	],
 [	0	40.6167	19.9022	10.1542	0	10.1542	13.4712	],
 [	5.28018	6.09251	12.366	0	0	40.6167	10.7259	],
 [	6.09251	54.4264	4.06167	24.7762	0	28.0255	19.5637	],
 [	36.2937	111.29	23.9196	34.5242	32.4934	0	39.7535	],
 [	93.8689	101.542	22.5202	38.9921	12.185	10.1542	46.5437	],
 [	25.5885	35.7427	6.09251	28.4317	24.37	30.4625	25.1147	],
 [	10.9665	49.9586	24.37	70.2669	30.4625	10.1542	32.6965	],
 [	31.6811	0	30.4625	29.244	0	10.1542	16.9236	],
 [	0	67.0176	11.9598	29.6502	0	40.6167	24.8741	],
 [	26.4009	13.5845	13.8097	10.1542	20.3084	25.1824	18.24	],
 [	74.7348	0	0	12.9974	14.2159	0	16.9913	],
 [	0	4.06167	4.06167	10.1542	4.06167	0	3.7232	],
 [	18.2775	31.862	0	63.3621	0	0	18.9169	],
 [	0	36.5551	0	10.1542	16.2467	0	10.4927	],
 [	5.28018	10.1542	32.2682	10.1542	16.2467	0	12.3506	],
 [	2.2118	0	2.2118	0	0	0	0.737267	],
 [	0	0	2.2118	0	0	0	0.368634	],
 [	4.87401	20.3084	2.2118	30.4625	0	28.0255	14.3137	],
 [	4.87401	0	0	10.1542	20.3084	0	5.88943	],
 [	0	0	2.2118	0	0	0	0.368634	]];

grammage_Inicial = [1];

Wini = [1];

A = [{1,2,3,4,5,6,7,8,9,10,11,12,13,14,15,16,17,18,19,20,21,22,23,24}];
NTop = [{24}];
NBot = [{1}];

delta = 19.1684;
I0_liquor = 3000.3;
Imax_liquor = 3686.61;
Imin_liquor = 1500.15;
mii = 295.002;

fator = 0.8976;
fator2 = 44.2503;
I0_dry = 429.17;
Imax_dry = 725.685;
Imin_dry = 400.4;
zeta = 3.8;
f_heat = 140.126;
gama = 0.1671;
