NPeriods = 7;
NSubPeriods = 4;
NGrammage = 16;
NPMachines = 1;

alfa = 2.19658;
vmax_dig = 13.5;
vmin_dig = 7;

NSpeed = 27;
speed_Inicial = 12;
teta = 2;

price=[777,762,764,760,750,759,743,752,754,758,767,770,768,774,773,773];

Speeds = [7,7.25,7.5,7.75,8,8.25,8.5,8.75,9,9.25,9.5,9.75,10,10.25,10.5,10.75,11,11.25,11.5,11.75,12,12.25,12.5,12.75,13,13.25,13.5];

hour = [24,24,24,24,24,24,24];

Nmin = 0.5;
I0_virg = 357.776;
Imin_virg = 150;
Imax_virg = 1417.15;

sl = [[[0],[1.86],[4.05],[4.87],[5.49],[5.9],[6.84],[9.78],[10.25],[12.72],[15.65],[18],[19.18],[19.88],[22.7],[26.23]],
[[1.86],[0],[2.23],[3.72],[4.46],[4.87],[6.93],[9.19],[9.66],[12.13],[15.07],[17.42],[18.59],[19.3],[22.12],[25.64]],
[[4.05],[2.23],[0],[1.49],[2.6],[3.35],[5.7],[8.49],[8.96],[11.42],[14.36],[16.71],[17.89],[18.59],[21.41],[24.94]],
[[4.87],[3.72],[1.49],[0],[1.12],[1.86],[4.87],[8.02],[8.49],[10.95],[13.89],[16.24],[17.42],[18.12],[20.94],[24.47]],
[[5.49],[4.46],[2.6],[1.12],[0],[0.74],[4.25],[7.66],[8.13],[10.6],[13.54],[15.89],[17.06],[17.77],[20.59],[24.11]],
[[5.9],[4.87],[3.35],[1.86],[0.74],[0],[3.72],[7.43],[7.9],[10.37],[13.3],[15.65],[16.83],[17.53],[20.35],[23.88]],
[[6.84],[6.93],[5.7],[4.87],[4.25],[3.72],[0],[6.93],[6.72],[9.19],[12.13],[14.48],[15.65],[16.36],[19.18],[22.7]],
[[9.78],[9.19],[8.49],[8.02],[7.66],[7.43],[6.93],[0],[1.49],[6.93],[9.19],[11.54],[12.72],[13.42],[16.24],[19.77]],
[[10.25],[9.66],[8.96],[8.49],[8.13],[7.9],[6.72],[1.49],[0],[6.11],[8.72],[11.07],[12.25],[12.95],[15.77],[19.3]],
[[12.72],[12.13],[11.42],[10.95],[10.6],[10.37],[9.19],[6.93],[6.11],[0],[6.93],[8.6],[9.78],[10.48],[13.3],[16.83]],
[[15.65],[15.07],[14.36],[13.89],[13.54],[13.3],[12.13],[9.19],[8.72],[6.93],[0],[5.9],[6.84],[7.55],[10.37],[13.89]],
[[18],[17.42],[16.71],[16.24],[15.89],[15.65],[14.48],[11.54],[11.07],[8.6],[5.9],[0],[3.72],[5.08],[8.02],[11.54]],
[[19.18],[18.59],[17.89],[17.42],[17.06],[16.83],[15.65],[12.72],[12.25],[9.78],[6.84],[3.72],[0],[2.23],[6.84],[10.37]],
[[19.88],[19.3],[18.59],[18.12],[17.77],[17.53],[16.36],[13.42],[12.95],[10.48],[7.55],[5.08],[2.23],[0],[6.73],[9.66]],
[[22.7],[22.12],[21.41],[20.94],[20.59],[20.35],[19.18],[16.24],[15.77],[13.3],[10.37],[8.02],[6.84],[6.73],[0],[6.84]],
[[26.23],[25.64],[24.94],[24.47],[24.11],[23.88],[22.7],[19.77],[19.3],[16.83],[13.89],[11.54],[10.37],[9.66],[6.84],[0]]];

st =[[[0],[2.4],[5.02],[5.9],[6.57],[7.01],[8.25],[11.3],[11.79],[14.35],[17.4],[19.85],[21.07],[21.8],[24.73],[28.39]],
[[2.4],[0],[2.89],[4.81],[5.46],[5.9],[8.12],[10.69],[11.18],[13.74],[16.79],[19.24],[20.46],[21.19],[24.12],[27.78]],
[[5.02],[2.89],[0],[1.92],[3.37],[4.33],[6.79],[9.96],[10.44],[13.01],[16.06],[18.5],[19.72],[20.46],[23.39],[27.05]],
[[5.9],[4.81],[1.92],[0],[1.44],[2.4],[5.9],[9.47],[9.96],[12.52],[15.57],[18.01],[19.24],[19.97],[22.9],[26.56]],
[[6.57],[5.46],[3.37],[1.44],[0],[0.96],[5.24],[9.1],[9.59],[12.15],[15.21],[17.65],[18.87],[19.6],[22.53],[26.19]],
[[7.01],[5.9],[4.33],[2.4],[0.96],[0],[4.81],[8.86],[9.34],[11.91],[14.96],[17.4],[18.62],[19.36],[22.29],[25.95]],
[[8.25],[8.12],[6.79],[5.9],[5.24],[4.81],[0],[8.12],[8.12],[10.69],[13.74],[16.18],[17.4],[18.14],[21.07],[24.73]],
[[11.3],[10.69],[9.96],[9.47],[9.1],[8.86],[8.12],[0],[1.92],[8.12],[10.69],[13.13],[14.35],[15.08],[18.01],[21.68]],
[[11.79],[11.18],[10.44],[9.96],[9.59],[9.34],[8.12],[1.92],[0],[7.23],[10.2],[12.64],[13.86],[14.6],[17.53],[21.19]],
[[14.35],[13.74],[13.01],[12.52],[12.15],[11.91],[10.69],[8.12],[7.23],[0],[8.12],[10.08],[11.3],[12.03],[14.96],[18.62]],
[[17.4],[16.79],[16.06],[15.57],[15.21],[14.96],[13.74],[10.69],[10.2],[8.12],[0],[7.01],[8.25],[8.98],[11.91],[15.57]],
[[19.85],[19.24],[18.5],[18.01],[17.65],[17.4],[16.18],[13.13],[12.64],[10.08],[7.01],[0],[4.81],[6.13],[9.47],[13.13]],
[[21.07],[20.46],[19.72],[19.24],[18.87],[18.62],[17.4],[14.35],[13.86],[11.3],[8.25],[4.81],[0],[2.89],[8.25],[11.91]],
[[21.8],[21.19],[20.46],[19.97],[19.6],[19.36],[18.14],[15.08],[14.6],[12.03],[8.98],[6.13],[2.89],[0],[7.9],[11.18]],
[[24.73],[24.12],[23.39],[22.9],[22.53],[22.29],[21.07],[18.01],[17.53],[14.96],[11.91],[9.47],[8.25],[7.9],[0],[8.25]],
[[28.39],[27.78],[27.05],[26.56],[26.19],[25.95],[24.73],[21.68],[21.19],[18.62],[15.57],[13.13],[11.91],[11.18],[8.25],[0]]];

b_virg=[[0.95],[0.95],[0.95],[0.95],[0.95],[0.95],[0.95],[0.925],[0.925],[0.925],[0.925],[0.925],[0.925],[0.925],[0.925],[0.925]];
b=[[0.0477099],[0.0429553],[0.0426076],[0.0397614],[0.0378788],[0.0388651],[0.035791],[0.0286287],[0.027533],[0.0229043],[0.021182],[0.0204541],[0.0207771],[0.0225989],[0.0244918],[0.0233918]];

M=[[3000],[3000],[3000],[3000],[3000],[3000],[3000],[3000],[3000],[3000],[3000],[3000],[3000],[3000],[3000],[3000]];
m_g=[[50],[50],[50],[50],[50],[50],[50],[50],[50],[50],[50],[50],[50],[50],[50],[50]];

NomesGrammage=["KLB 45","KLB 50","KLB 56","KLB 60","KLB 63","KLB 65","KLB 75","KLB 100","KLB 104","KLB 125","KLB 150","KLB 170","KLB 180","KLB 186","KLB 210","KLB 240"];

wG=[45,50,56,60,63,65,75,100,104,125,150,170,180,186,210,240];

tG=["KLB","KLB","KLB","KLB","KLB","KLB","KLB","KLB","KLB","KLB","KLB","KLB","KLB","KLB","KLB","KLB"];

Atrasos = [41.0858, 139.307, 223.454, 182.859, 293.455, 200.112, 486.385, 175.731, 283.401, 182.97, 143.589, 161.236, 206.041, 143.813, 104.386, 61.417];
d=[ [	0	0	0	29.0445	24.2037	0	8.8747	],
 [	2.63605	60.5093	0	15.1273	0	22.3885	16.7769	],
 [	63.2652	0	0	30.2547	30.2547	0	20.6291	],
 [	42.3565	59.9042	6.05093	0	0	0	18.052	],
 [	0	60.5093	29.6496	15.1273	0	15.1273	20.0689	],
 [	7.86621	9.0764	18.4224	0	0	60.5093	15.9791	],
 [	54.069	165.796	35.6346	51.4329	48.4075	0	59.2233	],
 [	16.3375	74.4265	36.3056	104.681	45.382	15.1273	48.71	],
 [	47.1973	0	45.382	43.5667	0	15.1273	25.2122	],
 [	111.337	0	0	19.363	21.1783	0	25.3131	],
 [	0	54.4584	0	15.1273	24.2037	0	15.6316	],
 [	7.86621	15.1273	48.072	15.1273	24.2037	0	18.3994	],
 [	3.29506	0	3.29506	0	0	0	1.09835	],
 [	0	0	3.29506	0	0	0	0.549177	],
 [	7.26112	0	0	15.1273	30.2547	0	8.77385	],
 [	0	0	3.29506	0	0	0	0.549177	]];

grammage_Inicial = [1];

Wini = [1];

A = [{1,2,3,4,5,6,7,8,9,10,11,12,13,14,15,16}];
NTop = [{16}];
NBot = [{1}];

delta = 18.423;
I0_liquor = 3000.3;
Imax_liquor = 3543.23;
Imin_liquor = 1500.15;
mii = 268.607;

fator = 0.8976;
fator2 = 40.291;
I0_dry = 429.17;
Imax_dry = 697.463;
Imin_dry = 400.4;
zeta = 3.8;
f_heat = 127.588;
gama = 0.1671;
