NPeriods = 15;
NSubPeriods = 3;
NGrammage = 8;
NPMachines = 1;

alfa = 2.12802;
vmax_dig = 13.5;
vmin_dig = 7;

NSpeed = 27;
speed_Inicial = 12;
teta = 2;

price=[760,750,759,743,752,754,770,773];

Speeds = [7,7.25,7.5,7.75,8,8.25,8.5,8.75,9,9.25,9.5,9.75,10,10.25,10.5,10.75,11,11.25,11.5,11.75,12,12.25,12.5,12.75,13,13.25,13.5];

hour = [24,24,24,24,24,24,24,24,24,24,24,24,24,24,24];

Nmin = 0.5;
I0_virg = 357.776;
Imin_virg = 150;
Imax_virg = 1372.92;

sl = [[[0],[1.12],[1.86],[4.87],[8.02],[8.49],[16.24],[24.47]],
[[1.12],[0],[0.74],[4.25],[7.66],[8.13],[15.89],[24.11]],
[[1.86],[0.74],[0],[3.72],[7.43],[7.9],[15.65],[23.88]],
[[4.87],[4.25],[3.72],[0],[6.93],[6.72],[14.48],[22.7]],
[[8.02],[7.66],[7.43],[6.93],[0],[1.49],[11.54],[19.77]],
[[8.49],[8.13],[7.9],[6.72],[1.49],[0],[11.07],[19.3]],
[[16.24],[15.89],[15.65],[14.48],[11.54],[11.07],[0],[11.54]],
[[24.47],[24.11],[23.88],[22.7],[19.77],[19.3],[11.54],[0]]];

st =[[[0],[1.44],[2.4],[5.9],[9.47],[9.96],[18.01],[26.56]],
[[1.44],[0],[0.96],[5.24],[9.1],[9.59],[17.65],[26.19]],
[[2.4],[0.96],[0],[4.81],[8.86],[9.34],[17.4],[25.95]],
[[5.9],[5.24],[4.81],[0],[8.12],[8.12],[16.18],[24.73]],
[[9.47],[9.1],[8.86],[8.12],[0],[1.92],[13.13],[21.68]],
[[9.96],[9.59],[9.34],[8.12],[1.92],[0],[12.64],[21.19]],
[[18.01],[17.65],[17.4],[16.18],[13.13],[12.64],[0],[13.13]],
[[26.56],[26.19],[25.95],[24.73],[21.68],[21.19],[13.13],[0]]];

b_virg=[[0.95],[0.95],[0.95],[0.95],[0.925],[0.925],[0.925],[0.925]];
b=[[0.0397614],[0.0378788],[0.0388651],[0.035791],[0.0286287],[0.027533],[0.0204541],[0.0233918]];

M=[[3000],[3000],[3000],[3000],[3000],[3000],[3000],[3000]];
m_g=[[50],[50],[50],[50],[50],[50],[50],[50]];

NomesGrammage=["KLB 60","KLB 63","KLB 65","KLB 75","KLB 100","KLB 104","KLB 170","KLB 240"];

wG=[60,63,65,75,100,104,170,240];

tG=["KLB","KLB","KLB","KLB","KLB","KLB","KLB","KLB"];

Atrasos = [484.159, 776.989, 529.84, 1287.81, 465.288, 750.368, 426.908, 162.615];
d=[ [	52.336	74.018	7.47656	0	0	0	40.1492	40.1492	0	40.1492	0	40.1492	0	0	40.1492	],
 [	0	74.7656	36.6352	18.6914	0	18.6914	37.1959	37.1959	37.1959	37.1959	0	37.1959	0	0	37.1959	],
 [	9.71953	11.2148	22.7628	0	0	74.7656	29.6157	29.6157	29.6157	29.6157	0	29.6157	0	0	29.6157	],
 [	66.8079	204.858	44.0303	63.5508	59.8125	0	82.3236	82.3236	82.3236	82.3236	82.3236	82.3236	82.3236	82.3236	0	],
 [	20.1867	91.9617	44.8594	129.345	56.0742	18.6914	60.1863	60.1863	60.1863	60.1863	60.1863	60.1863	60.1863	60.1863	60.1863	],
 [	58.3172	0	56.0742	53.8313	0	18.6914	46.7285	46.7285	46.7285	46.7285	0	46.7285	0	0	46.7285	],
 [	9.71953	18.6914	59.398	18.6914	29.9063	0	25.5762	25.5762	25.5762	25.5762	25.5762	25.5762	25.5762	25.5762	0	],
 [	0	0	4.0714	0	0	0	0	0	0	3.05355	3.05355	0	0	0	0	]];

grammage_Inicial = [1];

Wini = [1];

A = [{1,2,3,4,5,6,7,8}];
NTop = [{8}];
NBot = [{1}];

delta = 17.8479;
I0_liquor = 3000.3;
Imax_liquor = 3432.63;
Imin_liquor = 1500.15;
mii = 289.136;

fator = 0.8976;
fator2 = 43.3704;
I0_dry = 429.17;
Imax_dry = 675.692;
Imin_dry = 400.4;
zeta = 3.8;
f_heat = 137.34;
gama = 0.1671;
