NPeriods = 15;
NSubPeriods = 4;
NGrammage = 8;
NPMachines = 1;

alfa = 2.12882;
vmax_dig = 13.5;
vmin_dig = 7;

NSpeed = 27;
speed_Inicial = 12;
teta = 2;

price=[760,750,759,743,752,754,770,773];

Speeds = [7,7.25,7.5,7.75,8,8.25,8.5,8.75,9,9.25,9.5,9.75,10,10.25,10.5,10.75,11,11.25,11.5,11.75,12,12.25,12.5,12.75,13,13.25,13.5];

hour = [24,24,24,24,24,24,24,24,24,24,24,24,24,24,24];

Nmin = 0.5;
I0_virg = 357.776;
Imin_virg = 150;
Imax_virg = 1373.43;

sl = [[[0],[1.12],[1.86],[4.87],[8.02],[8.49],[16.24],[24.47]],
[[1.12],[0],[0.74],[4.25],[7.66],[8.13],[15.89],[24.11]],
[[1.86],[0.74],[0],[3.72],[7.43],[7.9],[15.65],[23.88]],
[[4.87],[4.25],[3.72],[0],[6.93],[6.72],[14.48],[22.7]],
[[8.02],[7.66],[7.43],[6.93],[0],[1.49],[11.54],[19.77]],
[[8.49],[8.13],[7.9],[6.72],[1.49],[0],[11.07],[19.3]],
[[16.24],[15.89],[15.65],[14.48],[11.54],[11.07],[0],[11.54]],
[[24.47],[24.11],[23.88],[22.7],[19.77],[19.3],[11.54],[0]]];

st =[[[0],[1.44],[2.4],[5.9],[9.47],[9.96],[18.01],[26.56]],
[[1.44],[0],[0.96],[5.24],[9.1],[9.59],[17.65],[26.19]],
[[2.4],[0.96],[0],[4.81],[8.86],[9.34],[17.4],[25.95]],
[[5.9],[5.24],[4.81],[0],[8.12],[8.12],[16.18],[24.73]],
[[9.47],[9.1],[8.86],[8.12],[0],[1.92],[13.13],[21.68]],
[[9.96],[9.59],[9.34],[8.12],[1.92],[0],[12.64],[21.19]],
[[18.01],[17.65],[17.4],[16.18],[13.13],[12.64],[0],[13.13]],
[[26.56],[26.19],[25.95],[24.73],[21.68],[21.19],[13.13],[0]]];

b_virg=[[0.95],[0.95],[0.95],[0.95],[0.925],[0.925],[0.925],[0.925]];
b=[[0.0397614],[0.0378788],[0.0388651],[0.035791],[0.0286287],[0.027533],[0.0204541],[0.0233918]];

M=[[3000],[3000],[3000],[3000],[3000],[3000],[3000],[3000]];
m_g=[[50],[50],[50],[50],[50],[50],[50],[50]];

NomesGrammage=["KLB 60","KLB 63","KLB 65","KLB 75","KLB 100","KLB 104","KLB 170","KLB 240"];

wG=[60,63,65,75,100,104,170,240];

tG=["KLB","KLB","KLB","KLB","KLB","KLB","KLB","KLB"];

Atrasos = [605.739, 972.102, 662.891, 1611.2, 582.129, 938.796, 534.111, 203.45];
d=[ [	65.4783	92.605	9.35404	0	0	0	50.2312	50.2312	0	50.2312	0	50.2312	0	0	50.2312	],
 [	0	93.5404	45.8348	23.3851	0	23.3851	46.5363	46.5363	46.5363	46.5363	0	46.5363	0	0	46.5363	],
 [	12.1602	14.0311	28.4789	0	0	93.5404	37.0526	37.0526	37.0526	37.0526	0	37.0526	0	0	37.0526	],
 [	83.5843	256.301	55.0869	79.5093	74.8323	0	102.996	102.996	102.996	102.996	102.996	102.996	102.996	102.996	0	],
 [	25.2559	115.055	56.1242	161.825	70.1553	23.3851	75.3	75.3	75.3	75.3	75.3	75.3	75.3	75.3	75.3	],
 [	72.9615	0	70.1553	67.3491	0	23.3851	58.4627	58.4627	58.4627	58.4627	0	58.4627	0	0	58.4627	],
 [	12.1602	23.3851	74.3137	23.3851	37.4161	0	31.9988	31.9988	31.9988	31.9988	31.9988	31.9988	31.9988	31.9988	0	],
 [	0	0	5.09378	0	0	0	0	0	0	3.82034	3.82034	0	0	0	0	]];

grammage_Inicial = [1];

Wini = [1];

A = [{1,2,3,4,5,6,7,8}];
NTop = [{8}];
NBot = [{1}];

delta = 17.8546;
I0_liquor = 3000.3;
Imax_liquor = 3433.92;
Imin_liquor = 1500.15;
mii = 289.245;

fator = 0.8976;
fator2 = 43.3867;
I0_dry = 429.17;
Imax_dry = 675.946;
Imin_dry = 400.4;
zeta = 3.8;
f_heat = 137.391;
gama = 0.1671;
