NPeriods = 15;
NSubPeriods = 4;
NGrammage = 8;
NPMachines = 1;

alfa = 2.12882;
vmax_dig = 13.5;
vmin_dig = 7;

NSpeed = 27;
speed_Inicial = 12;
teta = 2;

price=[760,750,759,743,752,754,770,773];

Speeds = [7,7.25,7.5,7.75,8,8.25,8.5,8.75,9,9.25,9.5,9.75,10,10.25,10.5,10.75,11,11.25,11.5,11.75,12,12.25,12.5,12.75,13,13.25,13.5];

hour = [24,24,24,24,24,24,24,24,24,24,24,24,24,24,24];

Nmin = 0.5;
I0_virg = 357.776;
Imin_virg = 150;
Imax_virg = 1167.42;

sl = [[[0],[1.12],[1.86],[4.87],[8.02],[8.49],[16.24],[24.47]],
[[1.12],[0],[0.74],[4.25],[7.66],[8.13],[15.89],[24.11]],
[[1.86],[0.74],[0],[3.72],[7.43],[7.9],[15.65],[23.88]],
[[4.87],[4.25],[3.72],[0],[6.93],[6.72],[14.48],[22.7]],
[[8.02],[7.66],[7.43],[6.93],[0],[1.49],[11.54],[19.77]],
[[8.49],[8.13],[7.9],[6.72],[1.49],[0],[11.07],[19.3]],
[[16.24],[15.89],[15.65],[14.48],[11.54],[11.07],[0],[11.54]],
[[24.47],[24.11],[23.88],[22.7],[19.77],[19.3],[11.54],[0]]];

st =[[[0],[1.44],[2.4],[5.9],[9.47],[9.96],[18.01],[26.56]],
[[1.44],[0],[0.96],[5.24],[9.1],[9.59],[17.65],[26.19]],
[[2.4],[0.96],[0],[4.81],[8.86],[9.34],[17.4],[25.95]],
[[5.9],[5.24],[4.81],[0],[8.12],[8.12],[16.18],[24.73]],
[[9.47],[9.1],[8.86],[8.12],[0],[1.92],[13.13],[21.68]],
[[9.96],[9.59],[9.34],[8.12],[1.92],[0],[12.64],[21.19]],
[[18.01],[17.65],[17.4],[16.18],[13.13],[12.64],[0],[13.13]],
[[26.56],[26.19],[25.95],[24.73],[21.68],[21.19],[13.13],[0]]];

b_virg=[[0.95],[0.95],[0.95],[0.95],[0.925],[0.925],[0.925],[0.925]];
b=[[0.0397614],[0.0378788],[0.0388651],[0.035791],[0.0286287],[0.027533],[0.0204541],[0.0233918]];

M=[[3000],[3000],[3000],[3000],[3000],[3000],[3000],[3000]];
m_g=[[50],[50],[50],[50],[50],[50],[50],[50]];

NomesGrammage=["KLB 60","KLB 63","KLB 65","KLB 75","KLB 100","KLB 104","KLB 170","KLB 240"];

wG=[60,63,65,75,100,104,170,240];

tG=["KLB","KLB","KLB","KLB","KLB","KLB","KLB","KLB"];

Atrasos = [666.683, 1069.91, 729.585, 1773.31, 640.698, 1033.25, 587.848, 223.92];
d=[ [	72.0661	101.922	10.2952	0	0	0	55.285	55.285	0	55.285	0	55.285	0	0	55.285	],
 [	0	102.952	50.4463	25.7379	0	25.7379	51.2184	51.2184	51.2184	51.2184	0	51.2184	0	0	51.2184	],
 [	13.3837	15.4427	31.3442	0	0	102.952	40.7805	40.7805	40.7805	40.7805	0	40.7805	0	0	40.7805	],
 [	91.9938	282.087	60.6293	87.5088	82.3612	0	113.359	113.359	113.359	113.359	113.359	113.359	113.359	113.359	0	],
 [	27.7969	126.63	61.7709	178.106	77.2137	25.7379	82.876	82.876	82.876	82.876	82.876	82.876	82.876	82.876	82.876	],
 [	80.3022	0	77.2137	74.1251	0	25.7379	64.3447	64.3447	64.3447	64.3447	0	64.3447	0	0	64.3447	],
 [	13.3837	25.7379	81.7904	25.7379	41.1806	0	35.2182	35.2182	35.2182	35.2182	35.2182	35.2182	35.2182	35.2182	0	],
 [	0	0	5.60627	0	0	0	0	0	0	4.2047	4.2047	0	0	0	0	]];

grammage_Inicial = [1];

Wini = [1];

A = [{1,2,3,4,5,6,7,8}];
NTop = [{8}];
NBot = [{1}];

delta = 17.8546;
I0_liquor = 2918.84;
Imax_liquor = 2918.84;
Imin_liquor = 1500.15;
mii = 274.783;

fator = 0.8976;
fator2 = 41.2174;
I0_dry = 429.17;
Imax_dry = 574.554;
Imin_dry = 400.4;
zeta = 3.8;
f_heat = 130.522;
gama = 0.1671;
