NPeriods = 15;
NSubPeriods = 3;
NGrammage = 8;
NPMachines = 2;

alfa = 4.25604;
vmax_dig = 13.5;
vmin_dig = 7;

NSpeed = 27;
speed_Inicial = 12;
teta = 2;

price=[760,750,759,743,752,754,770,773];

Speeds = [7,7.25,7.5,7.75,8,8.25,8.5,8.75,9,9.25,9.5,9.75,10,10.25,10.5,10.75,11,11.25,11.5,11.75,12,12.25,12.5,12.75,13,13.25,13.5];

hour = [24,24,24,24,24,24,24,24,24,24,24,24,24,24,24];

Nmin = 0.5;
I0_virg = 565.551;
Imin_virg = 150;
Imax_virg = 2745.83;

sl = [[[0,0],[1.12,1.12],[1.86,1.86],[4.87,4.87],[8.02,8.02],[8.49,8.49],[16.24,16.24],[24.47,24.47]],
[[1.12,1.12],[0,0],[0.74,0.74],[4.25,4.25],[7.66,7.66],[8.13,8.13],[15.89,15.89],[24.11,24.11]],
[[1.86,1.86],[0.74,0.74],[0,0],[3.72,3.72],[7.43,7.43],[7.9,7.9],[15.65,15.65],[23.88,23.88]],
[[4.87,4.87],[4.25,4.25],[3.72,3.72],[0,0],[6.93,6.93],[6.72,6.72],[14.48,14.48],[22.7,22.7]],
[[8.02,8.02],[7.66,7.66],[7.43,7.43],[6.93,6.93],[0,0],[1.49,1.49],[11.54,11.54],[19.77,19.77]],
[[8.49,8.49],[8.13,8.13],[7.9,7.9],[6.72,6.72],[1.49,1.49],[0,0],[11.07,11.07],[19.3,19.3]],
[[16.24,16.24],[15.89,15.89],[15.65,15.65],[14.48,14.48],[11.54,11.54],[11.07,11.07],[0,0],[11.54,11.54]],
[[24.47,24.47],[24.11,24.11],[23.88,23.88],[22.7,22.7],[19.77,19.77],[19.3,19.3],[11.54,11.54],[0,0]]];

st =[[[0,0],[1.44,1.44],[2.4,2.4],[5.9,5.9],[9.47,9.47],[9.96,9.96],[18.01,18.01],[26.56,26.56]],
[[1.44,1.44],[0,0],[0.96,0.96],[5.24,5.24],[9.1,9.1],[9.59,9.59],[17.65,17.65],[26.19,26.19]],
[[2.4,2.4],[0.96,0.96],[0,0],[4.81,4.81],[8.86,8.86],[9.34,9.34],[17.4,17.4],[25.95,25.95]],
[[5.9,5.9],[5.24,5.24],[4.81,4.81],[0,0],[8.12,8.12],[8.12,8.12],[16.18,16.18],[24.73,24.73]],
[[9.47,9.47],[9.1,9.1],[8.86,8.86],[8.12,8.12],[0,0],[1.92,1.92],[13.13,13.13],[21.68,21.68]],
[[9.96,9.96],[9.59,9.59],[9.34,9.34],[8.12,8.12],[1.92,1.92],[0,0],[12.64,12.64],[21.19,21.19]],
[[18.01,18.01],[17.65,17.65],[17.4,17.4],[16.18,16.18],[13.13,13.13],[12.64,12.64],[0,0],[13.13,13.13]],
[[26.56,26.56],[26.19,26.19],[25.95,25.95],[24.73,24.73],[21.68,21.68],[21.19,21.19],[13.13,13.13],[0,0]]];

b_virg=[[0.95,0.95],[0.95,0.95],[0.95,0.95],[0.95,0.95],[0.925,0.925],[0.925,0.925],[0.925,0.925],[0.925,0.925]];
b=[[0.0397614,0.0397614],[0.0378788,0.0378788],[0.0388651,0.0388651],[0.035791,0.035791],[0.0286287,0.0286287],[0.027533,0.027533],[0.0204541,0.0204541],[0.0233918,0.0233918]];

M=[[3000,3000],[3000,3000],[3000,3000],[3000,3000],[3000,3000],[3000,3000],[3000,3000],[3000,3000]];
m_g=[[50,50],[50,50],[50,50],[50,50],[50,50],[50,50],[50,50],[50,50]];

NomesGrammage=["KLB 60","KLB 63","KLB 65","KLB 75","KLB 100","KLB 104","KLB 170","KLB 240"];

wG=[60,63,65,75,100,104,170,240];

tG=["KLB","KLB","KLB","KLB","KLB","KLB","KLB","KLB"];

Atrasos = [727.935, 1168.2, 796.616, 1936.23, 699.562, 1128.18, 641.857, 244.492];
d=[ [	257.936	364.795	36.848	0	0	0	197.874	197.874	0	197.874	0	197.874	0	0	197.874	],
 [	0	368.48	180.555	92.1199	0	92.1199	183.319	183.319	183.319	183.319	0	183.319	0	0	183.319	],
 [	47.9024	55.272	112.186	0	0	368.48	145.96	145.96	145.96	145.96	0	145.96	0	0	145.96	],
 [	329.26	1009.63	217.002	313.208	294.784	0	405.729	405.729	405.729	405.729	405.729	405.729	405.729	405.729	0	],
 [	99.4895	453.23	221.088	637.47	276.36	92.1199	296.626	296.626	296.626	296.626	296.626	296.626	296.626	296.626	296.626	],
 [	287.414	0	276.36	265.305	0	92.1199	230.3	230.3	230.3	230.3	0	230.3	0	0	230.3	],
 [	47.9024	92.1199	292.741	92.1199	147.392	0	126.052	126.052	126.052	126.052	126.052	126.052	126.052	126.052	0	],
 [	0	0	20.0657	0	0	0	0	0	0	15.0493	15.0493	0	0	0	0	]];

grammage_Inicial = [1,3];

Wini = [1,1];

A = [{1,2,3},{3,4,5,6,7,8}];
NTop = [{3},{8}];
NBot = [{1},{3}];

delta = 35.6958;
I0_liquor = 5149.62;
Imax_liquor = 6865.26;
Imin_liquor = 1500.15;
mii = 578.272;

fator = 0.8976;
fator2 = 86.7408;
I0_dry = 457.939;
Imax_dry = 1351.38;
Imin_dry = 400.4;
zeta = 3.8;
f_heat = 274.679;
gama = 0.1671;
