NPeriods = 7;
NSubPeriods = 4;
NGrammage = 8;
NPMachines = 2;

alfa = 4.27275;
vmax_dig = 13.5;
vmin_dig = 7;

NSpeed = 27;
speed_Inicial = 12;
teta = 2;

price=[760,750,759,743,752,754,770,773];

Speeds = [7,7.25,7.5,7.75,8,8.25,8.5,8.75,9,9.25,9.5,9.75,10,10.25,10.5,10.75,11,11.25,11.5,11.75,12,12.25,12.5,12.75,13,13.25,13.5];

hour = [24,24,24,24,24,24,24];

Nmin = 0.5;
I0_virg = 565.551;
Imin_virg = 150;
Imax_virg = 2756.61;

sl = [[[0,0],[1.12,1.12],[1.86,1.86],[4.87,4.87],[8.02,8.02],[8.49,8.49],[16.24,16.24],[24.47,24.47]],
[[1.12,1.12],[0,0],[0.74,0.74],[4.25,4.25],[7.66,7.66],[8.13,8.13],[15.89,15.89],[24.11,24.11]],
[[1.86,1.86],[0.74,0.74],[0,0],[3.72,3.72],[7.43,7.43],[7.9,7.9],[15.65,15.65],[23.88,23.88]],
[[4.87,4.87],[4.25,4.25],[3.72,3.72],[0,0],[6.93,6.93],[6.72,6.72],[14.48,14.48],[22.7,22.7]],
[[8.02,8.02],[7.66,7.66],[7.43,7.43],[6.93,6.93],[0,0],[1.49,1.49],[11.54,11.54],[19.77,19.77]],
[[8.49,8.49],[8.13,8.13],[7.9,7.9],[6.72,6.72],[1.49,1.49],[0,0],[11.07,11.07],[19.3,19.3]],
[[16.24,16.24],[15.89,15.89],[15.65,15.65],[14.48,14.48],[11.54,11.54],[11.07,11.07],[0,0],[11.54,11.54]],
[[24.47,24.47],[24.11,24.11],[23.88,23.88],[22.7,22.7],[19.77,19.77],[19.3,19.3],[11.54,11.54],[0,0]]];

st =[[[0,0],[1.44,1.44],[2.4,2.4],[5.9,5.9],[9.47,9.47],[9.96,9.96],[18.01,18.01],[26.56,26.56]],
[[1.44,1.44],[0,0],[0.96,0.96],[5.24,5.24],[9.1,9.1],[9.59,9.59],[17.65,17.65],[26.19,26.19]],
[[2.4,2.4],[0.96,0.96],[0,0],[4.81,4.81],[8.86,8.86],[9.34,9.34],[17.4,17.4],[25.95,25.95]],
[[5.9,5.9],[5.24,5.24],[4.81,4.81],[0,0],[8.12,8.12],[8.12,8.12],[16.18,16.18],[24.73,24.73]],
[[9.47,9.47],[9.1,9.1],[8.86,8.86],[8.12,8.12],[0,0],[1.92,1.92],[13.13,13.13],[21.68,21.68]],
[[9.96,9.96],[9.59,9.59],[9.34,9.34],[8.12,8.12],[1.92,1.92],[0,0],[12.64,12.64],[21.19,21.19]],
[[18.01,18.01],[17.65,17.65],[17.4,17.4],[16.18,16.18],[13.13,13.13],[12.64,12.64],[0,0],[13.13,13.13]],
[[26.56,26.56],[26.19,26.19],[25.95,25.95],[24.73,24.73],[21.68,21.68],[21.19,21.19],[13.13,13.13],[0,0]]];

b_virg=[[0.95,0.95],[0.95,0.95],[0.95,0.95],[0.95,0.95],[0.925,0.925],[0.925,0.925],[0.925,0.925],[0.925,0.925]];
b=[[0.0397614,0.0397614],[0.0378788,0.0378788],[0.0388651,0.0388651],[0.035791,0.035791],[0.0286287,0.0286287],[0.027533,0.027533],[0.0204541,0.0204541],[0.0233918,0.0233918]];

M=[[3000,3000],[3000,3000],[3000,3000],[3000,3000],[3000,3000],[3000,3000],[3000,3000],[3000,3000]];
m_g=[[50,50],[50,50],[50,50],[50,50],[50,50],[50,50],[50,50],[50,50]];

NomesGrammage=["KLB 60","KLB 63","KLB 65","KLB 75","KLB 100","KLB 104","KLB 170","KLB 240"];

wG=[60,63,65,75,100,104,170,240];

tG=["KLB","KLB","KLB","KLB","KLB","KLB","KLB","KLB"];

Atrasos = [224.441, 360.187, 245.617, 596.989, 215.693, 347.846, 197.901, 75.3832];
d=[ [	170.417	241.019	24.3453	0	0	0	72.6303	],
 [	0	243.453	119.292	60.8633	0	60.8633	80.7454	],
 [	31.6489	36.518	74.1207	0	0	243.453	64.2902	],
 [	217.541	667.062	143.372	206.935	194.763	0	238.279	],
 [	65.7324	299.448	146.072	421.174	182.59	60.8633	195.98	],
 [	189.894	0	182.59	175.286	0	60.8633	101.439	],
 [	31.6489	60.8633	193.413	60.8633	97.3814	0	74.0283	],
 [	0	0	13.2574	0	0	0	2.20956	]];

grammage_Inicial = [1,3];

Wini = [1,1];

A = [{1,2,3},{3,4,5,6,7,8}];
NTop = [{3},{8}];
NBot = [{1},{3}];

delta = 35.836;
I0_liquor = 5149.62;
Imax_liquor = 6892.22;
Imin_liquor = 1500.15;
mii = 580.542;

fator = 0.8976;
fator2 = 87.0814;
I0_dry = 457.939;
Imax_dry = 1356.69;
Imin_dry = 400.4;
zeta = 3.8;
f_heat = 275.758;
gama = 0.1671;
