NPeriods = 15;
NSubPeriods = 4;
NGrammage = 8;
NPMachines = 2;

alfa = 4.25764;
vmax_dig = 13.5;
vmin_dig = 7;

NSpeed = 27;
speed_Inicial = 12;
teta = 2;

price=[760,750,759,743,752,754,770,773];

Speeds = [7,7.25,7.5,7.75,8,8.25,8.5,8.75,9,9.25,9.5,9.75,10,10.25,10.5,10.75,11,11.25,11.5,11.75,12,12.25,12.5,12.75,13,13.25,13.5];

hour = [24,24,24,24,24,24,24,24,24,24,24,24,24,24,24];

Nmin = 0.5;
I0_virg = 565.551;
Imin_virg = 150;
Imax_virg = 2746.86;

sl = [[[0,0],[1.12,1.12],[1.86,1.86],[4.87,4.87],[8.02,8.02],[8.49,8.49],[16.24,16.24],[24.47,24.47]],
[[1.12,1.12],[0,0],[0.74,0.74],[4.25,4.25],[7.66,7.66],[8.13,8.13],[15.89,15.89],[24.11,24.11]],
[[1.86,1.86],[0.74,0.74],[0,0],[3.72,3.72],[7.43,7.43],[7.9,7.9],[15.65,15.65],[23.88,23.88]],
[[4.87,4.87],[4.25,4.25],[3.72,3.72],[0,0],[6.93,6.93],[6.72,6.72],[14.48,14.48],[22.7,22.7]],
[[8.02,8.02],[7.66,7.66],[7.43,7.43],[6.93,6.93],[0,0],[1.49,1.49],[11.54,11.54],[19.77,19.77]],
[[8.49,8.49],[8.13,8.13],[7.9,7.9],[6.72,6.72],[1.49,1.49],[0,0],[11.07,11.07],[19.3,19.3]],
[[16.24,16.24],[15.89,15.89],[15.65,15.65],[14.48,14.48],[11.54,11.54],[11.07,11.07],[0,0],[11.54,11.54]],
[[24.47,24.47],[24.11,24.11],[23.88,23.88],[22.7,22.7],[19.77,19.77],[19.3,19.3],[11.54,11.54],[0,0]]];

st =[[[0,0],[1.44,1.44],[2.4,2.4],[5.9,5.9],[9.47,9.47],[9.96,9.96],[18.01,18.01],[26.56,26.56]],
[[1.44,1.44],[0,0],[0.96,0.96],[5.24,5.24],[9.1,9.1],[9.59,9.59],[17.65,17.65],[26.19,26.19]],
[[2.4,2.4],[0.96,0.96],[0,0],[4.81,4.81],[8.86,8.86],[9.34,9.34],[17.4,17.4],[25.95,25.95]],
[[5.9,5.9],[5.24,5.24],[4.81,4.81],[0,0],[8.12,8.12],[8.12,8.12],[16.18,16.18],[24.73,24.73]],
[[9.47,9.47],[9.1,9.1],[8.86,8.86],[8.12,8.12],[0,0],[1.92,1.92],[13.13,13.13],[21.68,21.68]],
[[9.96,9.96],[9.59,9.59],[9.34,9.34],[8.12,8.12],[1.92,1.92],[0,0],[12.64,12.64],[21.19,21.19]],
[[18.01,18.01],[17.65,17.65],[17.4,17.4],[16.18,16.18],[13.13,13.13],[12.64,12.64],[0,0],[13.13,13.13]],
[[26.56,26.56],[26.19,26.19],[25.95,25.95],[24.73,24.73],[21.68,21.68],[21.19,21.19],[13.13,13.13],[0,0]]];

b_virg=[[0.95,0.95],[0.95,0.95],[0.95,0.95],[0.95,0.95],[0.925,0.925],[0.925,0.925],[0.925,0.925],[0.925,0.925]];
b=[[0.0397614,0.0397614],[0.0378788,0.0378788],[0.0388651,0.0388651],[0.035791,0.035791],[0.0286287,0.0286287],[0.027533,0.027533],[0.0204541,0.0204541],[0.0233918,0.0233918]];

M=[[3000,3000],[3000,3000],[3000,3000],[3000,3000],[3000,3000],[3000,3000],[3000,3000],[3000,3000]];
m_g=[[50,50],[50,50],[50,50],[50,50],[50,50],[50,50],[50,50],[50,50]];

NomesGrammage=["KLB 60","KLB 63","KLB 65","KLB 75","KLB 100","KLB 104","KLB 170","KLB 240"];

wG=[60,63,65,75,100,104,170,240];

tG=["KLB","KLB","KLB","KLB","KLB","KLB","KLB","KLB"];

Atrasos = [483.851, 776.494, 529.503, 1286.99, 464.992, 749.89, 426.636, 162.512];
d=[ [	171.447	242.476	24.4925	0	0	0	131.525	131.525	0	131.525	0	131.525	0	0	131.525	],
 [	0	244.925	120.013	61.2312	0	61.2312	121.85	121.85	121.85	121.85	0	121.85	0	0	121.85	],
 [	31.8402	36.7387	74.5687	0	0	244.925	97.0181	97.0181	97.0181	97.0181	0	97.0181	0	0	97.0181	],
 [	218.856	671.094	144.239	208.186	195.94	0	269.684	269.684	269.684	269.684	269.684	269.684	269.684	269.684	0	],
 [	66.1297	301.258	146.955	423.72	183.694	61.2312	197.165	197.165	197.165	197.165	197.165	197.165	197.165	197.165	197.165	],
 [	191.041	0	183.694	176.346	0	61.2312	153.078	153.078	153.078	153.078	0	153.078	0	0	153.078	],
 [	31.8402	61.2312	194.582	61.2312	97.9699	0	83.7852	83.7852	83.7852	83.7852	83.7852	83.7852	83.7852	83.7852	0	],
 [	0	0	13.3375	0	0	0	0	0	0	10.0031	10.0031	0	0	0	0	]];

grammage_Inicial = [1,3];

Wini = [1,1];

A = [{1,2,3},{3,4,5,6,7,8}];
NTop = [{3},{8}];
NBot = [{1},{3}];

delta = 35.7092;
I0_liquor = 5149.62;
Imax_liquor = 6867.85;
Imin_liquor = 1500.15;
mii = 578.49;

fator = 0.8976;
fator2 = 86.7734;
I0_dry = 457.939;
Imax_dry = 1351.89;
Imin_dry = 400.4;
zeta = 3.8;
f_heat = 274.783;
gama = 0.1671;
